V1 29.4 147 170
V2 26.7 103 376
R1 66.2 278 485
R2 72.1 30 656
R3 71.4 333 881
R4 16.7 283 722
R5 85.5 158 741
R6 90.1 8 756
R7 67.0 100 737
R8 28.7 737 887
R9 65.5 561 772
R10 4.7 35 995
R11 17.3 146 728
R12 97.9 408 697
R13 63.9 258 485
R14 28.0 156 673
R15 25.7 609 735
R16 19.6 646 899
R17 38.8 513 907
R18 43.2 575 888
R19 22.7 3 177
R20 43.4 218 820
R21 67.2 216 678
R22 6.5 27 304
R23 7.8 78 198
R24 27.1 197 966
R25 22.2 710 714
R26 92.5 254 773
R27 64.0 798 849
R28 98.8 674 848
R29 16.5 638 911
R30 8.5 576 644
R31 73.4 380 774
R32 4.4 295 587
R33 63.4 175 653
R34 13.5 565 874
R35 46.2 296 330
R36 31.1 250 457
R37 57.8 57 683
R38 58.5 774 832
R39 90.3 415 523
R40 92.2 91 512
R41 13.0 478 952
R42 58.8 169 425
R43 84.1 1 195
R44 8.3 193 514
R45 30.9 426 982
R46 55.7 17 944
R47 19.7 30 649
R48 53.6 288 892
R49 92.5 115 220
R50 81.8 55 894
R51 48.3 400 654
R52 9.5 478 900
R53 72.0 382 973
R54 37.9 363 610
R55 8.0 631 807
R56 90.0 80 738
R57 33.9 230 704
R58 81.1 213 555
R59 70.5 17 569
R60 92.6 102 991
R61 57.9 84 717
R62 24.6 30 824
R63 7.2 588 691
R64 30.7 192 569
R65 96.6 46 134
R66 20.4 43 736
R67 24.3 121 716
R68 94.7 89 881
R69 36.3 317 941
R70 15.6 88 245
R71 73.2 220 874
R72 8.5 38 732
R73 84.6 4 894
R74 36.6 144 957
R75 12.0 656 702
R76 71.1 507 682
R77 9.9 294 679
R78 63.8 81 589
R79 30.9 113 539
R80 27.4 933 981
R81 36.3 525 666
R82 51.6 624 934
R83 74.3 144 507
R84 57.2 654 696
R85 45.3 150 454
R86 11.0 677 726
R87 35.5 268 790
R88 83.7 533 623
R89 90.4 123 160
R90 17.7 256 912
R91 66.8 182 547
R92 90.1 225 350
R93 27.5 549 636
R94 28.8 353 886
R95 92.8 285 457
R96 81.4 141 760
R97 77.4 5 355
R98 81.1 521 992
R99 48.0 866 983
R100 40.8 67 94
R101 79.0 509 697
R102 3.7 545 836
R103 91.5 50 183
R104 33.1 119 496
R105 54.3 538 989
R106 15.9 179 895
R107 57.4 692 814
R108 31.5 310 419
R109 61.0 36 779
R110 67.2 112 471
R111 18.7 642 734
R112 60.5 503 753
R113 42.1 101 212
R114 46.6 37 361
R115 3.6 106 430
R116 39.3 227 990
R117 93.0 561 768
R118 89.4 818 898
R119 4.1 26 215
R120 28.8 149 373
R121 37.8 821 884
R122 93.7 875 952
R123 45.0 580 850
R124 20.8 897 914
R125 16.9 293 415
R126 24.2 470 943
R127 43.3 235 768
R128 49.0 20 927
R129 19.9 186 760
R130 10.4 311 405
R131 71.6 141 186
R132 15.8 117 522
R133 89.1 443 624
R134 42.6 161 509
R135 63.0 14 626
R136 56.0 221 731
R137 1.0 21 141
R138 78.3 184 808
R139 40.0 629 698
R140 20.4 148 971
R141 60.3 13 112
R142 31.9 842 952
R143 54.3 338 852
R144 17.4 84 260
R145 40.9 494 639
R146 31.8 121 566
R147 95.7 304 965
R148 82.0 470 721
R149 84.3 950 995
R150 29.4 510 758
R151 32.5 565 662
R152 1.6 321 843
R153 50.9 124 606
R154 17.7 213 991
R155 76.5 49 911
R156 40.9 251 590
R157 72.2 214 812
R158 94.7 80 648
R159 33.1 112 528
R160 95.3 398 467
R161 65.5 245 989
R162 28.1 487 788
R163 13.7 269 554
R164 52.9 242 963
R165 50.5 865 937
R166 59.7 900 983
R167 16.7 236 655
R168 15.1 153 407
R169 55.1 39 877
R170 75.7 159 450
R171 72.5 2 385
R172 61.8 219 850
R173 88.7 425 665
R174 61.8 170 864
R175 54.3 160 838
R176 88.1 450 516
R177 9.3 190 286
R178 70.0 215 442
R179 83.5 275 766
R180 12.6 158 503
R181 37.9 962 994
R182 6.1 337 682
R183 77.9 14 656
R184 79.0 487 730
R185 32.2 252 980
R186 13.7 287 631
R187 99.1 100 341
R188 14.0 438 975
R189 69.1 523 675
R190 38.7 182 922
R191 69.7 758 949
R192 31.3 583 894
R193 39.6 155 660
R194 65.1 696 779
R195 87.1 145 243
R196 74.1 667 960
R197 31.0 728 863
R198 36.3 445 587
R199 5.2 749 845
R200 96.6 413 774
R201 26.7 182 645
R202 15.1 13 876
R203 3.4 378 969
R204 97.4 79 575
R205 64.7 726 874
R206 81.9 118 973
R207 23.0 28 982
R208 26.3 617 723
R209 17.8 252 675
R210 51.8 274 904
R211 22.5 350 617
R212 30.0 237 806
R213 34.0 240 252
R214 80.4 788 793
R215 30.8 34 41
R216 84.8 700 908
R217 26.8 889 981
R218 91.7 550 926
R219 30.7 740 765
R220 61.0 953 999
R221 63.0 343 901
R222 82.3 364 564
R223 10.8 168 342
R224 80.6 4 835
R225 45.3 135 697
R226 59.9 596 690
R227 38.3 204 208
R228 92.9 171 276
R229 3.7 478 842
R230 51.5 87 835
R231 11.1 126 435
R232 71.0 26 591
R233 13.0 100 924
R234 11.7 433 801
R235 77.5 578 699
R236 46.4 311 634
R237 51.5 546 582
R238 88.5 144 194
R239 56.3 264 977
R240 50.2 326 923
R241 86.0 765 825
R242 30.4 103 362
R243 4.2 566 869
R244 80.6 643 727
R245 35.9 327 882
R246 80.2 149 202
R247 91.9 740 987
R248 25.2 275 993
R249 44.1 152 640
R250 50.6 291 513
R251 52.9 309 915
R252 97.7 142 403
R253 8.6 558 636
R254 33.6 308 854
R255 75.8 371 769
R256 18.1 189 576
R257 29.3 517 898
R258 30.0 207 221
R259 89.9 102 593
R260 61.1 796 847
R261 73.1 11 981
R262 53.8 162 580
R263 72.2 713 806
R264 44.3 350 791
R265 10.6 91 484
R266 28.6 502 746
R267 34.2 122 738
R268 32.3 664 976
R269 66.0 608 718
R270 25.8 247 465
R271 80.9 153 681
R272 8.1 402 776
R273 69.6 534 975
R274 24.4 635 753
R275 11.6 314 344
R276 69.1 435 944
R277 63.3 138 192
R278 44.3 842 983
R279 15.7 188 608
R280 35.2 171 839
R281 16.4 530 971
R282 50.1 364 452
R283 63.1 236 634
R284 67.7 538 592
R285 20.8 551 943
R286 9.1 581 940
R287 58.5 217 447
R288 63.6 104 315
R289 23.0 388 652
R290 91.7 354 569
R291 49.0 215 421
R292 77.8 303 419
R293 33.6 436 475
R294 62.4 697 770
R295 60.6 77 578
R296 24.5 393 775
R297 6.2 266 602
R298 94.5 95 739
R299 91.1 389 884
R300 19.8 519 660
R301 37.8 34 421
R302 29.1 36 449
R303 89.1 448 886
R304 51.6 74 688
R305 37.1 236 311
R306 31.9 174 853
R307 4.3 185 333
R308 99.0 1 742
R309 71.7 739 799
R310 32.8 424 466
R311 89.8 572 812
R312 90.4 490 836
R313 59.5 752 872
R314 70.2 496 590
R315 24.2 408 770
R316 91.4 814 865
R317 16.1 220 320
R318 95.1 591 902
R319 74.7 295 719
R320 20.1 506 567
R321 90.1 290 877
R322 22.4 366 382
R323 54.8 9 780
R324 67.3 420 760
R325 1.4 265 813
R326 73.0 456 646
R327 80.8 44 796
R328 43.7 534 680
R329 71.7 668 685
R330 11.6 292 779
R331 91.3 484 721
R332 34.4 58 61
R333 65.0 573 936
R334 63.3 142 446
R335 69.2 699 709
R336 12.3 332 345
R337 41.7 886 916
R338 21.0 375 587
R339 10.6 304 814
R340 11.3 883 909
R341 79.1 738 902
R342 58.8 592 917
R343 59.6 640 744
R344 85.1 642 743
R345 31.7 144 383
R346 96.1 588 607
R347 55.2 325 782
R348 24.7 142 672
R349 17.0 233 773
R350 41.2 559 768
R351 88.5 12 868
R352 65.6 95 685
R353 80.9 682 808
R354 66.4 428 990
R355 22.9 489 570
R356 93.2 447 550
R357 42.1 259 753
R358 49.4 929 948
R359 52.2 184 378
R360 96.2 88 989
R361 37.1 571 761
R362 38.4 851 966
R363 66.4 741 809
R364 80.8 157 471
R365 98.7 540 913
R366 46.2 221 803
R367 12.8 785 880
R368 74.4 212 841
R369 95.6 201 277
R370 66.5 4 594
R371 23.1 785 831
R372 72.5 617 926
R373 35.9 824 878
R374 67.7 185 527
R375 81.8 431 620
R376 92.3 232 601
R377 5.5 50 205
R378 8.8 134 712
R379 36.1 232 798
R380 87.2 476 498
R381 40.5 640 755
R382 99.5 198 774
R383 24.3 397 715
R384 6.2 312 620
R385 87.7 469 538
R386 62.2 134 710
R387 54.2 301 649
R388 92.4 98 437
R389 81.4 226 471
R390 70.3 197 206
R391 78.9 538 813
R392 68.0 239 356
R393 50.4 13 62
R394 38.0 387 598
R395 73.1 371 420
R396 58.9 109 151
R397 41.2 240 409
R398 74.4 639 878
R399 35.2 533 605
R400 58.8 5 496
R401 89.1 30 702
R402 71.4 487 598
R403 41.8 347 500
R404 4.5 301 669
R405 81.5 213 456
R406 63.7 424 875
R407 65.8 82 500
R408 38.0 885 922
R409 92.1 237 906
R410 74.6 84 477
R411 73.9 867 925
R412 55.3 585 923
R413 3.3 511 641
R414 9.2 777 936
R415 10.3 96 249
R416 64.7 575 782
R417 75.7 297 467
R418 16.7 78 774
R419 93.7 464 759
R420 64.1 213 947
R421 77.7 631 785
R422 85.8 216 521
R423 7.7 39 191
R424 52.4 17 138
R425 56.7 359 423
R426 46.4 541 563
R427 18.5 290 411
R428 64.6 162 219
R429 96.9 330 636
R430 60.7 184 468
R431 44.5 627 794
R432 89.0 745 872
R433 42.9 384 397
R434 42.0 407 499
R435 66.9 469 670
R436 50.6 173 321
R437 92.8 278 406
R438 61.1 137 391
R439 87.1 377 970
R440 9.4 334 356
R441 57.1 689 760
R442 57.3 408 862
R443 6.1 320 351
R444 32.5 235 905
R445 75.8 318 737
R446 25.1 665 839
R447 82.7 223 445
R448 96.7 375 490
R449 48.5 496 525
R450 65.7 562 687
R451 61.7 767 837
R452 7.2 315 598
R453 76.1 578 673
R454 37.8 418 581
R455 91.9 224 436
R456 16.5 725 936
R457 41.2 559 889
R458 52.1 343 877
R459 60.2 897 911
R460 86.0 128 526
R461 79.7 414 761
R462 75.2 877 976
R463 87.5 20 151
R464 63.6 27 965
R465 50.9 359 453
R466 97.7 35 178
R467 99.5 202 568
R468 50.0 631 659
R469 60.0 712 912
R470 20.8 207 866
R471 19.5 628 904
R472 59.6 118 820
R473 52.5 530 945
R474 15.1 286 825
R475 36.9 729 919
R476 19.8 125 312
R477 34.0 86 867
R478 86.5 727 765
R479 31.9 370 462
R480 99.5 486 834
R481 69.0 939 958
R482 58.4 41 199
R483 73.6 211 287
R484 36.1 543 835
R485 17.0 125 676
R486 32.7 4 55
R487 15.7 132 807
R488 13.4 77 464
R489 4.7 77 628
R490 37.1 899 991
R491 98.4 800 987
R492 17.5 178 653
R493 54.9 26 879
R494 54.3 401 870
R495 90.8 18 532
R496 77.9 61 362
R497 54.8 115 286
R498 86.5 568 928
R499 58.8 156 775
R500 95.3 476 964
R501 42.4 300 822
R502 14.9 196 391
R503 14.3 866 900
R504 76.9 6 405
R505 28.2 38 690
R506 13.2 453 849
R507 15.4 328 555
R508 42.4 187 456
R509 87.0 551 794
R510 4.5 23 290
R511 89.9 260 513
R512 62.9 684 770
R513 60.5 695 947
R514 20.6 427 618
R515 64.2 44 819
R516 13.2 212 739
R517 64.1 761 805
R518 96.1 182 885
R519 44.1 81 874
R520 98.1 409 599
R521 90.1 345 812
R522 36.4 408 885
R523 92.7 68 805
R524 66.6 132 338
R525 38.2 143 528
R526 79.3 394 989
R527 37.8 883 889
R528 95.9 381 766
R529 91.9 492 608
R530 41.7 442 836
R531 20.3 34 313
R532 66.8 119 525
R533 6.0 24 530
R534 73.3 494 495
R535 79.5 560 587
R536 6.3 754 958
R537 90.7 44 604
R538 72.9 186 562
R539 62.8 124 434
R540 79.8 10 556
R541 54.8 32 959
R542 66.3 139 384
R543 47.2 785 807
R544 81.6 614 894
R545 93.6 438 787
R546 7.9 504 732
R547 86.6 20 686
R548 30.0 559 772
R549 97.4 174 516
R550 55.9 64 330
R551 18.3 217 774
R552 60.0 206 282
R553 44.9 287 407
R554 20.7 388 526
R555 73.5 49 56
R556 11.6 183 541
R557 42.9 337 808
R558 15.0 128 446
R559 44.8 348 736
R560 4.2 562 802
R561 82.3 153 499
R562 59.7 78 599
R563 98.4 151 686
R564 96.9 151 326
R565 28.1 231 896
R566 96.9 59 530
R567 34.5 104 958
R568 2.2 312 483
R569 84.4 583 614
R570 92.2 486 701
R571 72.1 891 959
R572 51.1 596 951
R573 28.2 300 404
R574 82.5 210 440
R575 48.3 405 859
R576 42.3 95 668
R577 38.0 616 894
R578 98.4 598 676
R579 72.3 193 633
R580 79.3 352 413
R581 55.7 206 965
R582 46.8 505 616
R583 62.1 72 439
R584 2.5 84 692
R585 35.9 153 920
R586 84.8 174 486
R587 79.1 176 721
R588 62.2 87 758
R589 43.5 426 833
R590 56.9 168 252
R591 38.6 812 997
R592 58.6 58 304
R593 13.9 63 269
R594 83.3 309 767
R595 49.5 187 785
R596 83.1 126 651
R597 98.3 354 944
R598 94.8 278 922
R599 29.0 259 466
R600 92.4 442 490
R601 52.5 10 858
R602 11.6 221 960
R603 86.6 359 817
R604 49.1 253 439
R605 91.3 156 551
R606 98.5 261 506
R607 80.4 954 986
R608 87.8 733 804
R609 13.9 138 569
R610 85.5 503 661
R611 54.4 84 558
R612 8.0 762 884
R613 14.1 36 484
R614 76.8 45 577
R615 6.4 302 747
R616 94.6 424 780
R617 76.1 54 137
R618 16.0 390 460
R619 79.5 266 618
R620 82.6 613 870
R621 36.6 16 202
R622 21.8 126 479
R623 96.0 239 720
R624 80.6 292 299
R625 77.1 694 783
R626 7.1 48 963
R627 98.9 31 129
R628 65.1 535 817
R629 82.5 428 817
R630 1.7 251 838
R631 92.7 19 769
R632 74.0 93 656
R633 87.2 198 982
R634 95.7 66 582
R635 18.9 617 653
R636 85.8 112 955
R637 2.4 318 887
R638 2.8 334 404
R639 10.6 25 801
R640 85.5 165 465
R641 73.1 114 891
R642 83.6 8 420
R643 66.5 38 169
R644 31.9 149 843
R645 77.9 202 508
R646 62.4 719 789
R647 3.2 787 896
R648 95.9 38 395
R649 26.1 370 644
R650 62.5 190 855
R651 14.0 389 700
R652 15.2 796 984
R653 57.0 583 693
R654 9.7 544 799
R655 45.0 447 711
R656 86.9 94 185
R657 94.5 494 859
R658 54.7 166 855
R659 29.2 40 744
R660 85.2 752 942
R661 63.4 101 347
R662 98.5 519 900
R663 48.5 22 87
R664 67.2 117 828
R665 67.1 361 577
R666 9.2 450 577
R667 41.0 140 216
R668 38.9 24 616
R669 95.0 140 884
R670 44.0 490 545
R671 59.7 433 532
R672 24.4 335 390
R673 1.5 106 319
R674 56.3 246 547
R675 61.2 552 912
R676 34.8 130 999
R677 90.5 544 744
R678 89.2 95 483
R679 67.3 533 876
R680 90.0 510 701
R681 37.5 632 977
R682 16.9 444 548
R683 29.0 121 833
R684 59.0 372 631
R685 38.4 932 950
R686 91.4 822 853
R687 98.9 178 309
R688 63.7 226 974
R689 3.4 193 847
R690 83.1 168 271
R691 99.6 701 834
R692 95.1 459 958
R693 42.7 196 284
R694 33.9 733 764
R695 36.3 223 589
R696 4.4 120 619
R697 12.6 44 984
R698 50.8 55 594
R699 65.5 36 233
R700 31.1 180 485
R701 84.2 105 335
R702 85.4 322 900
R703 31.5 906 928
R704 50.6 234 812
R705 50.2 385 776
R706 54.4 416 681
R707 73.7 209 406
R708 66.7 55 616
R709 3.8 11 99
R710 54.5 377 705
R711 27.5 687 802
R712 45.7 89 333
R713 49.6 106 375
R714 9.2 349 987
R715 54.5 227 694
R716 86.7 117 257
R717 23.4 7 650
R718 2.1 175 617
R719 28.9 115 778
R720 85.7 197 688
R721 46.1 827 896
R722 17.6 359 582
R723 97.5 300 406
R724 7.2 147 745
R725 47.5 462 644
R726 85.6 873 920
R727 84.4 248 496
R728 5.0 234 613
R729 71.7 273 606
R730 95.7 611 716
R731 77.9 597 914
R732 82.5 355 496
R733 16.3 209 645
R734 27.1 222 718
R735 31.7 764 826
R736 66.1 711 723
R737 8.9 341 737
R738 80.9 244 317
R739 44.9 443 934
R740 47.0 872 942
R741 90.8 734 988
R742 50.0 592 813
R743 81.3 462 556
R744 8.9 180 406
R745 70.1 546 909
R746 79.4 335 833
R747 88.1 112 974
R748 60.5 735 998
R749 92.9 608 829
R750 47.3 828 940
R751 33.2 180 278
R752 45.2 496 658
R753 51.9 164 811
R754 28.9 624 963
R755 91.0 337 507
R756 99.7 27 58
R757 49.7 136 418
R758 81.2 345 571
R759 66.4 456 899
R760 11.1 210 380
R761 15.6 59 720
R762 74.3 244 491
R763 9.7 345 956
R764 2.7 268 886
R765 23.2 334 930
R766 88.2 9 224
R767 19.8 77 673
R768 58.5 391 946
R769 90.1 83 947
R770 91.8 311 793
R771 91.4 332 414
R772 62.6 301 722
R773 29.8 435 957
R774 35.4 135 509
R775 83.8 231 534
R776 6.9 859 878
R777 78.2 706 876
R778 57.0 129 680
R779 37.5 384 931
R780 5.9 115 643
R781 63.3 647 761
R782 87.3 707 815
R783 11.4 709 887
R784 46.8 314 771
R785 88.5 387 405
R786 19.1 241 552
R787 86.3 493 967
R788 70.9 76 661
R789 17.6 282 966
R790 12.5 46 273
R791 64.8 808 942
R792 87.0 139 198
R793 44.3 484 512
R794 90.5 349 765
R795 53.4 229 385
R796 87.5 134 552
R797 38.9 2 875
R798 41.5 32 153
R799 18.0 232 365
R800 36.0 276 665
R801 25.5 611 977
R802 29.0 4 72
R803 19.0 214 572
R804 72.4 538 826
R805 9.8 157 528
R806 48.4 692 865
R807 29.7 138 958
R808 87.4 558 717
R809 77.0 31 735
R810 55.4 531 963
R811 82.4 133 628
R812 35.6 162 167
R813 74.3 682 801
R814 46.1 581 607
R815 19.5 511 850
R816 89.2 156 393
R817 76.8 16 508
R818 38.6 387 793
R819 24.8 478 604
R820 19.0 110 601
R821 79.6 549 964
R822 49.5 623 784
R823 32.9 97 535
R824 86.5 205 922
R825 1.2 889 909
R826 96.2 447 723
R827 61.1 521 671
R828 49.8 529 851
R829 51.0 392 893
R830 36.4 690 951
R831 93.8 351 360
R832 79.8 118 558
R833 3.2 498 717
R834 93.1 149 317
R835 6.0 648 902
R836 57.0 331 931
R837 76.6 80 199
R838 80.4 67 330
R839 54.2 81 142
R840 21.9 231 787
R841 12.1 32 891
R842 78.6 502 874
R843 46.9 169 690
R844 91.9 39 343
R845 20.2 481 638
R846 6.4 247 461
R847 45.0 406 547
R848 44.0 424 848
R849 25.3 860 903
R850 23.2 707 712
R851 14.6 790 974
R852 84.3 493 729
R853 40.7 286 861
R854 72.2 944 957
R855 57.0 525 590
R856 74.0 581 621
R857 57.2 242 681
R858 53.4 614 709
R859 17.5 88 257
R860 35.3 268 704
R861 28.6 242 527
R862 86.7 728 807
R863 84.4 188 222
R864 99.1 112 215
R865 7.2 449 721
R866 74.6 704 753
R867 29.5 204 483
R868 72.4 293 302
R869 44.5 109 695
R870 85.9 131 279
R871 48.1 458 959
R872 57.2 499 844
R873 55.4 595 986
R874 84.3 245 804
R875 4.7 96 165
R876 75.7 60 619
R877 38.3 75 592
R878 92.8 689 725
R879 70.8 50 922
R880 60.5 692 851
R881 31.8 332 715
R882 46.3 755 865
R883 52.1 227 994
R884 28.2 909 994
R885 45.5 302 967
R886 12.0 154 237
R887 9.4 764 804
R888 20.3 167 325
R889 23.7 564 740
R890 34.6 195 329
R891 34.4 266 748
R892 98.3 225 926
R893 15.0 313 648
R894 46.8 65 279
R895 9.0 634 799
R896 28.8 139 515
R897 27.0 502 948
R898 43.4 65 209
R899 26.8 639 824
R900 51.2 233 484
R901 74.4 493 775
R902 57.0 92 670
R903 81.7 786 869
R904 65.6 270 802
R905 89.1 698 904
R906 14.2 222 898
R907 43.3 263 326
R908 37.0 36 299
R909 20.1 280 673
R910 93.7 848 984
R911 18.2 497 815
R912 70.3 507 625
R913 4.4 181 864
R914 52.4 85 658
R915 81.1 498 504
R916 92.3 36 696
R917 41.5 48 357
R918 19.3 225 429
R919 68.4 101 492
R920 13.9 222 749
R921 45.6 122 250
R922 33.8 179 910
R923 43.1 330 906
R924 60.4 650 923
R925 39.8 321 827
R926 97.0 302 1000
R927 47.8 434 771
R928 57.1 342 1000
R929 25.9 529 558
R930 24.4 286 643
R931 11.0 767 856
R932 66.1 290 778
R933 96.0 439 554
R934 1.3 700 708
R935 73.2 322 660
R936 23.0 604 795
R937 15.9 292 773
R938 73.1 22 53
R939 34.2 172 844
R940 60.7 125 730
R941 17.2 228 279
R942 22.1 659 679
R943 96.1 506 757
R944 83.4 238 960
R945 39.1 48 443
R946 91.0 296 357
R947 97.2 663 687
R948 81.8 396 623
R949 36.3 303 922
R950 81.2 190 320
R951 95.1 399 890
R952 77.6 744 841
R953 75.5 210 352
R954 88.4 478 795
R955 72.7 61 120
R956 87.5 112 442
R957 41.5 295 375
R958 67.9 253 699
R959 53.9 430 836
R960 72.1 163 612
R961 48.7 461 802
R962 15.3 808 868
R963 86.8 667 731
R964 33.7 301 378
R965 86.8 300 316
R966 19.5 335 982
R967 38.0 315 676
R968 56.6 652 760
R969 50.9 289 498
R970 72.9 221 519
R971 95.8 71 911
R972 83.0 816 955
R973 88.2 392 448
R974 61.5 47 378
R975 70.6 444 651
R976 33.1 370 556
R977 51.1 492 570
R978 89.5 14 935
R979 15.0 536 611
R980 71.4 117 394
R981 9.8 228 862
R982 27.7 245 733
R983 87.6 646 890
R984 76.4 272 461
R985 68.1 733 826
R986 55.7 70 434
R987 52.7 566 611
R988 98.7 62 605
R989 12.2 654 779
R990 4.2 45 486
R991 69.0 555 947
R992 87.8 55 505
R993 30.1 319 719
R994 29.6 141 509
R995 83.7 57 811
R996 30.4 284 861
R997 63.7 8 769
R998 84.8 247 346
R999 59.0 102 940
R1000 37.0 360 874
R1001 2.5 395 596
R1002 15.9 783 882
R1003 95.9 165 183
R1004 36.6 337 625
R1005 89.4 159 303
R1006 54.5 510 512
R1007 75.1 161 924
R1008 14.8 461 465
R1009 10.1 389 762
R1010 50.6 895 910
R1011 3.1 55 945
R1012 6.8 612 912
R1013 14.0 613 761
R1014 11.5 267 736
R1015 77.4 115 190
R1016 54.3 472 593
R1017 89.8 796 848
R1018 11.4 309 856
R1019 12.0 306 997
R1020 27.0 463 934
R1021 56.0 131 209
R1022 35.1 230 475
R1023 33.0 98 535
R1024 32.6 418 734
R1025 80.0 126 771
R1026 43.2 688 966
R1027 83.9 723 926
R1028 23.9 20 109
R1029 66.1 57 659
R1030 56.2 443 463
R1031 79.7 414 571
R1032 33.9 522 828
R1033 14.5 8 726
R1034 36.0 763 803
R1035 52.1 169 951
R1036 90.7 743 985
R1037 94.4 15 318
R1038 58.3 827 908
R1039 6.1 51 500
R1040 88.5 784 871
R1041 44.0 275 806
R1042 62.1 365 899
R1043 71.6 19 371
R1044 28.7 572 632
R1045 6.9 234 761
R1046 92.4 174 834
R1047 73.6 516 853
R1048 12.7 440 491
R1049 30.2 134 912
R1050 38.1 201 385
R1051 93.9 72 693
R1052 11.5 242 531
R1053 80.6 28 198
R1054 47.4 382 683
R1055 30.4 724 940
R1056 72.5 347 492
R1057 82.2 46 254
R1058 55.2 720 971
R1059 92.0 44 934
R1060 3.0 51 82
R1061 9.5 432 671
R1062 65.1 19 420
R1063 34.8 385 455
R1064 3.8 231 975
R1065 92.6 328 785
R1066 56.7 209 547
R1067 72.4 161 684
R1068 93.5 437 607
R1069 98.8 329 675
R1070 14.4 477 865
R1071 59.0 329 612
R1072 11.8 20 336
R1073 46.4 119 532
R1074 57.8 456 555
R1075 71.2 575 760
R1076 84.4 316 404
R1077 62.2 488 570
R1078 54.3 544 739
R1079 29.8 367 389
R1080 23.3 521 579
R1081 84.1 52 829
R1082 12.3 412 839
R1083 24.6 195 675
R1084 3.3 444 838
R1085 36.5 882 985
R1086 65.9 348 904
R1087 55.7 664 882
R1088 81.9 243 886
R1089 46.5 257 392
R1090 80.0 48 67
R1091 14.3 85 563
R1092 51.9 219 511
R1093 20.3 84 498
R1094 23.8 458 934
R1095 97.4 201 996
R1096 17.8 390 833
R1097 7.2 9 776
R1098 56.5 71 914
R1099 52.5 21 562
R1100 59.1 721 794
R1101 63.9 107 212
R1102 29.9 232 857
R1103 63.6 139 599
R1104 51.7 706 861
R1105 66.3 466 475
R1106 41.8 505 530
R1107 4.5 856 898
R1108 3.6 32 326
R1109 14.2 696 729
R1110 40.6 250 368
R1111 87.8 235 561
R1112 59.3 24 614
R1113 15.8 94 881
R1114 75.8 200 548
R1115 51.9 124 714
R1116 25.2 701 758
R1117 72.4 305 764
R1118 57.8 28 938
R1119 75.8 414 805
R1120 7.2 311 474
R1121 74.0 349 800
R1122 13.7 274 480
R1123 38.5 579 671
R1124 9.1 336 593
R1125 75.1 791 972
R1126 27.5 664 778
R1127 74.6 96 247
R1128 26.1 297 329
R1129 74.0 506 940
R1130 28.5 767 818
R1131 4.6 439 578
R1132 77.1 86 548
R1133 17.8 11 481
R1134 27.3 647 805
R1135 27.9 345 384
R1136 25.9 455 803
R1137 57.0 618 667
R1138 28.3 30 236
R1139 39.4 23 929
R1140 70.4 190 351
R1141 87.1 43 77
R1142 61.1 990 994
R1143 37.6 260 477
R1144 27.3 488 579
R1145 27.3 20 695
R1146 39.6 53 340
R1147 33.8 83 109
R1148 11.1 303 310
R1149 8.9 189 797
R1150 8.7 439 473
R1151 62.1 458 624
R1152 85.5 530 616
R1153 39.1 54 196
R1154 81.4 104 754
R1155 86.1 173 908
R1156 21.5 249 563
R1157 45.5 60 656
R1158 18.7 323 560
R1159 91.1 493 747
R1160 23.5 305 592
R1161 67.0 172 831
R1162 44.6 83 555
R1163 79.7 176 551
R1164 18.6 309 653
R1165 65.3 378 669
R1166 73.8 603 770
R1167 3.4 612 647
R1168 41.3 43 348
R1169 35.7 683 830
R1170 81.3 642 670
R1171 67.7 183 303
R1172 63.7 141 161
R1173 47.1 680 858
R1174 54.7 285 442
R1175 7.0 430 545
R1176 52.5 81 360
R1177 42.4 235 772
R1178 42.4 429 833
R1179 42.8 311 655
R1180 79.7 13 528
R1181 85.6 549 986
R1182 63.6 152 656
R1183 73.0 150 536
R1184 12.8 283 669
R1185 53.3 272 802
R1186 39.6 25 383
R1187 63.1 105 460
R1188 88.2 39 994
R1189 38.8 287 830
R1190 86.0 222 837
R1191 1.9 337 722
R1192 12.1 820 973
R1193 58.9 274 288
R1194 4.5 588 988
R1195 47.7 268 379
R1196 80.5 116 198
R1197 96.3 631 830
R1198 4.8 397 931
R1199 39.2 113 619
R1200 29.9 418 538
R1201 55.1 626 634
R1202 76.2 153 873
R1203 23.5 649 750
R1204 29.2 289 504
R1205 87.8 399 864
R1206 48.7 100 684
R1207 85.0 196 706
R1208 12.4 535 694
R1209 55.7 824 961
R1210 75.7 274 417
R1211 67.0 398 805
R1212 90.2 165 541
R1213 63.4 882 976
R1214 62.8 816 974
R1215 81.9 354 540
R1216 84.9 253 473
R1217 100.0 169 993
R1218 98.5 517 749
R1219 74.2 366 830
R1220 95.9 314 615
R1221 79.1 225 454
R1222 81.3 522 621
R1223 11.6 152 262
R1224 66.0 432 596
R1225 81.5 209 228
R1226 93.2 135 408
R1227 45.1 145 448
R1228 12.5 506 581
R1229 4.0 872 969
R1230 44.8 514 927
R1231 5.0 66 872
R1232 71.9 367 975
R1233 64.3 99 897
R1234 27.9 468 808
R1235 20.5 743 987
R1236 5.1 495 859
R1237 58.8 548 838
R1238 40.2 443 963
R1239 62.4 51 845
R1240 49.4 646 968
R1241 15.6 672 677
R1242 98.7 82 739
R1243 76.3 287 920
R1244 39.6 12 682
R1245 22.3 541 978
R1246 67.4 772 883
R1247 45.0 29 885
R1248 95.3 448 846
R1249 30.4 44 585
R1250 54.1 58 120
R1251 22.2 413 1000
R1252 41.4 667 955
R1253 34.7 438 700
R1254 11.6 776 780
R1255 61.5 774 932
R1256 44.0 330 549
R1257 98.4 38 703
R1258 67.7 175 856
R1259 29.5 640 937
R1260 78.7 167 999
R1261 96.2 25 682
R1262 92.7 374 802
R1263 61.9 254 400
R1264 89.1 655 878
R1265 7.5 553 997
R1266 18.7 47 745
R1267 83.0 514 847
R1268 86.1 360 589
R1269 14.0 173 903
R1270 28.2 553 676
R1271 13.4 847 848
R1272 96.4 786 833
R1273 28.2 598 754
R1274 66.7 171 665
R1275 19.8 130 162
R1276 94.7 708 821
R1277 73.0 302 342
R1278 62.5 241 912
R1279 25.6 127 480
R1280 99.4 146 863
R1281 92.0 343 411
R1282 16.2 238 427
R1283 75.2 100 777
R1284 87.8 181 324
R1285 31.9 689 924
R1286 69.8 28 774
R1287 43.0 190 589
R1288 32.6 674 952
R1289 75.2 873 910
R1290 35.9 24 720
R1291 50.5 708 903
R1292 5.1 191 481
R1293 54.0 265 452
R1294 52.7 156 267
R1295 50.4 637 659
R1296 73.8 43 630
R1297 1.8 392 846
R1298 50.0 219 580
R1299 45.6 120 656
R1300 87.5 267 775
R1301 31.8 401 613
R1302 72.7 203 798
R1303 5.7 384 515
R1304 14.5 179 218
R1305 91.3 651 957
R1306 49.9 15 228
R1307 66.8 156 736
R1308 65.9 215 879
R1309 25.0 413 440
R1310 2.7 148 574
R1311 63.8 259 633
R1312 45.0 817 990
R1313 67.3 269 340
R1314 84.8 136 734
R1315 33.6 264 611
R1316 87.6 18 25
R1317 79.0 237 823
R1318 80.6 225 617
R1319 91.9 622 792
R1320 33.0 159 419
R1321 38.3 807 852
R1322 69.0 38 289
R1323 91.0 887 936
R1324 48.6 456 863
R1325 44.1 149 173
R1326 59.0 275 665
R1327 64.7 150 429
R1328 9.5 445 719
R1329 71.9 542 860
R1330 39.3 154 823
R1331 2.7 423 817
R1332 69.7 653 723
R1333 7.5 393 551
R1334 29.6 497 613
R1335 7.0 140 921
R1336 75.8 70 705
R1337 66.3 123 590
R1338 20.5 643 778
R1339 69.7 166 789
R1340 40.2 235 801
R1341 2.0 792 804
R1342 64.7 113 376
R1343 63.7 293 342
R1344 91.7 250 323
R1345 60.4 652 782
R1346 46.3 537 764
R1347 8.0 319 430
R1348 11.4 746 948
R1349 30.3 566 833
R1350 19.0 330 558
R1351 25.0 60 539
R1352 19.7 373 843
R1353 33.1 468 942
R1354 64.4 348 698
R1355 75.1 560 854
R1356 87.5 10 188
R1357 20.5 314 479
R1358 35.1 105 515
R1359 43.2 458 819
R1360 71.5 364 605
R1361 21.1 323 738
R1362 80.6 298 664
R1363 24.8 176 470
R1364 34.2 43 156
R1365 25.2 515 869
R1366 60.8 345 414
R1367 4.2 407 831
R1368 36.2 291 395
R1369 62.6 418 588
R1370 72.2 129 797
R1371 8.4 107 579
R1372 2.8 240 271
R1373 68.1 289 595
R1374 34.9 441 636
R1375 39.5 317 373
R1376 30.1 345 566
R1377 18.5 511 902
R1378 93.3 127 629
R1379 88.1 20 781
R1380 72.7 40 865
R1381 81.7 31 609
R1382 56.8 79 325
R1383 64.2 289 476
R1384 97.5 148 758
R1385 81.8 207 803
R1386 12.1 25 86
R1387 29.7 2 455
R1388 13.2 97 98
R1389 34.9 379 846
R1390 70.0 260 907
R1391 48.6 12 235
R1392 83.5 67 296
R1393 42.7 537 917
R1394 96.8 460 869
R1395 86.3 359 601
R1396 78.0 45 970
R1397 69.2 332 384
R1398 99.5 234 571
R1399 49.5 277 816
R1400 91.9 325 953
R1401 78.2 257 635
R1402 13.9 539 702
R1403 77.9 9 436
R1404 39.2 227 962
R1405 47.6 521 951
R1406 87.4 25 507
R1407 35.6 428 994
R1408 86.6 685 972
R1409 21.6 642 740
R1410 43.1 722 913
R1411 94.3 555 880
R1412 74.0 66 868
R1413 74.1 38 255
R1414 71.6 350 972
R1415 52.4 106 295
R1416 54.0 181 376
R1417 16.2 170 399
R1418 15.7 202 928
R1419 46.7 107 488
R1420 30.2 27 61
R1421 35.1 197 282
R1422 17.2 898 972
R1423 97.0 454 483
R1424 1.4 327 694
R1425 36.1 355 541
R1426 96.8 217 950
R1427 72.8 74 197
R1428 73.5 714 815
R1429 85.3 85 978
R1430 92.2 476 954
R1431 55.4 753 846
R1432 49.9 133 518
R1433 55.9 22 340
R1434 24.9 316 334
R1435 97.2 449 484
R1436 81.0 303 485
R1437 26.2 308 999
R1438 41.6 358 444
R1439 78.5 686 927
R1440 66.9 282 814
R1441 27.5 428 546
R1442 49.0 653 711
R1443 79.6 554 627
R1444 20.6 53 543
R1445 23.9 399 968
R1446 15.0 150 204
R1447 67.7 442 657
R1448 10.9 280 339
R1449 69.6 422 531
R1450 72.6 49 687
R1451 74.0 21 509
R1452 37.8 489 680
R1453 72.3 497 615
R1454 95.9 135 885
R1455 49.8 140 821
R1456 12.6 73 811
R1457 95.5 73 688
R1458 81.4 707 710
R1459 84.0 233 299
R1460 80.7 205 374
R1461 76.1 592 764
R1462 96.8 220 360
R1463 30.9 128 308
R1464 90.6 366 910
R1465 89.2 327 783
R1466 19.9 188 680
R1467 73.8 915 932
R1468 68.9 380 462
R1469 54.4 111 748
R1470 74.3 528 917
R1471 41.4 84 851
R1472 8.4 760 782
R1473 68.4 243 268
R1474 83.3 556 837
R1475 53.7 108 701
R1476 90.5 951 992
R1477 9.2 170 968
R1478 97.1 237 713
R1479 86.2 97 694
R1480 38.4 98 588
R1481 30.8 596 992
R1482 65.1 497 771
R1483 58.0 501 797
R1484 13.9 668 972
R1485 23.1 30 626
R1486 45.6 62 533
R1487 60.0 196 861
R1488 66.9 208 676
R1489 36.3 418 988
R1490 68.3 572 997
R1491 72.6 184 969
R1492 99.0 166 946
R1493 84.1 5 310
R1494 18.7 15 356
R1495 80.0 213 781
R1496 85.5 285 490
R1497 77.1 185 531
R1498 89.3 501 843
R1499 94.1 289 954
R1500 1.9 623 876
R1501 19.8 195 297
R1502 26.2 69 291
R1503 82.8 352 440
R1504 95.1 682 868
R1505 38.8 480 629
R1506 31.9 254 292
R1507 88.5 110 745
R1508 52.8 37 434
R1509 91.2 521 678
R1510 80.0 659 830
R1511 26.4 583 709
R1512 78.5 150 225
R1513 17.0 605 784
R1514 89.2 307 514
R1515 45.1 79 888
R1516 89.7 396 784
R1517 77.8 152 634
R1518 76.4 684 924
R1519 26.7 23 901
R1520 94.9 656 935
R1521 66.3 842 900
R1522 29.2 184 337
R1523 79.0 386 788
R1524 90.5 562 769
R1525 10.3 604 674
R1526 68.8 290 976
R1527 60.5 280 627
R1528 15.7 80 368
R1529 70.4 699 759
R1530 20.4 580 887
R1531 85.3 373 501
R1532 55.5 985 988
R1533 16.2 426 938
R1534 50.4 233 292
R1535 18.8 649 702
R1536 89.7 261 857
R1537 27.8 48 422
R1538 85.4 38 595
R1539 45.5 69 513
R1540 19.5 87 148
R1541 31.3 425 993
R1542 60.4 482 795
R1543 25.5 262 634
R1544 46.7 502 662
R1545 50.6 269 627
R1546 1.5 377 486
R1547 75.4 260 504
R1548 51.8 570 762
R1549 57.8 462 915
R1550 8.1 284 286
R1551 3.7 768 981
R1552 48.3 251 419
R1553 63.2 572 676
R1554 25.5 341 770
R1555 79.0 14 634
R1556 16.9 272 465
R1557 37.4 249 768
R1558 6.7 494 754
R1559 6.5 462 576
R1560 40.0 817 849
R1561 18.8 37 651
R1562 11.1 180 300
R1563 59.0 234 401
R1564 19.8 474 788
R1565 71.4 251 450
R1566 62.9 520 553
R1567 68.8 577 705
R1568 27.7 653 856
R1569 69.6 752 808
R1570 96.8 783 976
R1571 65.7 37 126
R1572 25.3 42 724
R1573 32.9 489 608
R1574 17.7 797 998
R1575 21.5 148 945
R1576 50.2 249 933
R1577 77.5 279 557
R1578 39.2 133 464
R1579 99.2 311 799
R1580 7.9 708 908
R1581 35.4 544 640
R1582 93.6 772 868
R1583 89.7 789 855
R1584 10.1 269 543
R1585 24.0 830 873
R1586 61.5 458 891
R1587 62.9 597 687
R1588 29.8 102 809
R1589 17.7 398 612
R1590 81.6 73 74
R1591 56.5 35 653
R1592 50.3 92 813
R1593 59.3 294 852
R1594 74.0 54 391
R1595 59.1 315 939
R1596 99.1 69 841
R1597 81.6 420 526
R1598 51.1 770 862
R1599 68.6 336 927
R1600 47.5 539 619
R1601 27.5 512 705
R1602 12.2 172 407
R1603 5.8 11 889
R1604 29.7 226 886
R1605 11.9 269 721
R1606 39.6 244 928
R1607 42.4 526 652
R1608 94.5 240 1000
R1609 22.6 114 326
R1610 57.1 412 986
R1611 82.3 208 632
R1612 99.3 146 187
R1613 15.0 312 431
R1614 27.9 491 797
R1615 65.8 523 980
R1616 7.4 63 554
R1617 74.5 716 833
R1618 91.5 104 939
R1619 83.7 10 370
R1620 8.0 17 459
R1621 31.5 282 692
R1622 63.6 486 516
R1623 56.8 379 704
R1624 86.0 530 720
R1625 16.3 520 939
R1626 21.3 99 981
R1627 27.6 128 420
R1628 95.7 222 845
R1629 25.1 346 461
R1630 58.3 231 438
R1631 9.3 349 740
R1632 13.4 200 867
R1633 98.1 32 499
R1634 99.9 170 324
R1635 61.5 742 931
R1636 5.3 255 690
R1637 84.3 642 987
R1638 54.1 641 902
R1639 29.4 469 813
R1640 3.0 726 918
R1641 41.8 144 354
R1642 69.8 282 851
R1643 52.7 40 69
R1644 37.2 65 406
R1645 28.1 781 947
R1646 95.9 487 620
R1647 30.4 108 822
R1648 79.3 205 270
R1649 10.0 51 749
R1650 64.0 321 908
R1651 69.3 125 431
R1652 52.7 380 932
R1653 61.0 200 444
R1654 19.8 430 584
R1655 20.8 811 851
R1656 50.3 8 56
R1657 61.3 199 657
R1658 54.4 476 717
R1659 64.4 502 565
R1660 74.7 449 696
R1661 41.7 395 690
R1662 70.4 78 139
R1663 50.5 155 960
R1664 66.1 728 864
R1665 21.4 457 657
R1666 63.2 706 784
R1667 39.8 734 743
R1668 40.6 564 765
R1669 85.2 479 520
R1670 92.4 220 778
R1671 86.0 504 513
R1672 30.7 135 281
R1673 93.9 122 323
R1674 40.5 296 906
R1675 33.6 175 350
R1676 4.4 366 873
R1677 70.4 410 854
R1678 76.8 18 119
R1679 64.1 336 991
R1680 60.0 8 19
R1681 19.8 293 980
R1682 12.1 186 420
R1683 78.6 372 807
R1684 80.4 101 570
R1685 85.6 184 283
R1686 25.7 235 433
R1687 58.1 31 998
R1688 10.1 333 527
R1689 87.7 353 916
R1690 34.0 646 863
R1691 60.9 75 917
R1692 25.7 324 376
R1693 25.3 211 873
R1694 84.4 1 409
R1695 55.8 173 843
R1696 37.7 249 981
R1697 7.3 640 799
R1698 83.5 236 878
R1699 32.6 94 531
R1700 5.9 9 424
R1701 37.9 718 845
R1702 34.8 261 365
R1703 97.7 68 332
R1704 42.7 447 926
R1705 47.7 677 918
R1706 27.1 452 592
R1707 57.8 387 487
R1708 70.2 102 724
R1709 51.7 107 432
R1710 24.1 129 534
R1711 61.5 703 839
R1712 80.6 550 832
R1713 2.3 914 933
R1714 66.4 275 425
R1715 72.8 141 924
R1716 4.3 536 716
R1717 60.4 448 916
R1718 83.1 226 268
R1719 2.8 766 806
R1720 81.5 763 996
R1721 28.5 510 524
R1722 98.8 901 948
R1723 66.3 826 989
R1724 51.4 266 369
R1725 6.0 627 721
R1726 27.1 276 713
R1727 85.2 264 956
R1728 87.6 232 261
R1729 38.2 449 470
R1730 11.4 17 479
R1731 4.0 344 479
R1732 40.7 83 328
R1733 53.2 370 735
R1734 17.0 133 274
R1735 65.6 663 914
R1736 17.3 336 781
R1737 48.2 497 840
R1738 8.9 429 536
R1739 45.0 109 172
R1740 65.5 114 819
R1741 1.4 111 463
R1742 58.9 61 619
R1743 14.4 361 838
R1744 74.6 823 906
R1745 14.7 447 832
R1746 82.8 46 606
R1747 17.9 339 794
R1748 51.8 127 348
R1749 80.4 123 525
R1750 7.6 23 220
R1751 65.2 132 864
R1752 45.6 592 826
R1753 71.2 111 369
R1754 95.5 774 950
R1755 25.8 573 888
R1756 62.6 266 660
R1757 45.8 327 985
R1758 98.6 42 261
R1759 65.1 290 664
R1760 27.5 463 482
R1761 20.6 759 892
R1762 61.6 148 404
R1763 91.5 284 391
R1764 98.3 204 312
R1765 15.1 208 572
R1766 68.6 164 979
R1767 99.3 191 901
R1768 92.6 638 897
R1769 50.4 564 871
R1770 6.8 466 633
R1771 16.0 573 575
R1772 43.8 373 491
R1773 82.5 643 825
R1774 41.6 177 527
R1775 36.6 669 722
R1776 41.7 600 837
R1777 53.0 383 925
R1778 17.4 833 982
R1779 40.5 72 894
R1780 7.9 209 279
R1781 54.1 79 167
R1782 22.4 178 915
R1783 84.7 223 855
R1784 70.5 432 841
R1785 36.2 243 846
R1786 93.5 85 532
R1787 18.0 638 948
R1788 18.3 250 560
R1789 56.9 201 776
R1790 45.7 508 928
R1791 77.9 787 827
R1792 90.9 604 952
R1793 32.9 214 632
R1794 65.0 402 790
R1795 43.3 518 628
R1796 95.3 383 957
R1797 5.0 52 718
R1798 63.0 727 800
R1799 84.9 272 374
R1800 96.2 225 791
R1801 1.7 262 656
R1802 46.4 475 610
R1803 39.5 27 362
R1804 69.1 154 381
R1805 76.5 232 646
R1806 56.5 524 949
R1807 97.5 35 950
R1808 97.2 267 967
R1809 97.0 161 697
R1810 8.9 47 301
R1811 8.0 288 759
R1812 99.1 167 953
R1813 23.0 146 456
R1814 51.5 202 244
R1815 17.1 76 503
R1816 89.7 97 985
R1817 80.5 224 466
R1818 46.1 162 888
R1819 23.0 315 754
R1820 64.2 2 842
R1821 1.1 192 639
R1822 61.8 165 247
R1823 95.3 364 670
R1824 17.3 47 539
R1825 79.7 54 706
R1826 57.5 109 263
R1827 2.5 767 915
R1828 37.7 307 927
R1829 70.0 223 451
R1830 83.0 39 901
R1831 63.2 357 369
R1832 7.8 792 916
R1833 24.1 108 834
R1834 69.0 132 181
R1835 79.0 128 918
R1836 70.7 324 810
R1837 4.6 967 1000
R1838 52.1 517 685
R1839 92.5 31 680
R1840 95.4 584 789
R1841 19.3 367 570
R1842 42.7 361 444
R1843 43.0 152 755
R1844 5.0 364 871
R1845 56.8 160 548
R1846 35.4 365 646
R1847 41.4 323 999
R1848 66.4 375 545
R1849 31.4 78 240
R1850 15.3 601 872
R1851 19.5 693 709
R1852 65.7 70 124
R1853 33.4 819 923
R1854 17.7 16 149
R1855 4.5 213 336
R1856 30.0 451 589
R1857 70.4 222 818
R1858 95.3 577 838
R1859 79.9 166 584
R1860 78.7 566 786
R1861 43.7 13 533
R1862 84.3 205 885
R1863 10.4 429 938
R1864 52.3 214 264
R1865 60.9 921 951
R1866 34.9 659 683
R1867 67.3 82 347
R1868 52.0 553 939
R1869 40.5 150 208
R1870 35.7 603 862
R1871 18.5 397 742
R1872 96.5 795 900
R1873 54.7 1 931
R1874 53.5 571 812
R1875 2.4 467 742
R1876 82.6 137 442
R1877 34.9 184 669
R1878 86.1 17 354
R1879 26.2 158 472
R1880 30.1 33 737
R1881 86.1 116 515
R1882 20.5 569 961
R1883 81.9 56 756
R1884 55.3 594 835
R1885 22.7 700 787
R1886 14.4 285 375
R1887 22.0 51 52
R1888 82.9 121 611
R1889 2.4 673 794
R1890 90.7 955 974
R1891 97.2 383 651
R1892 71.4 491 501
R1893 67.6 602 618
R1894 46.2 297 398
R1895 43.6 96 563
R1896 70.5 235 682
R1897 34.1 143 792
R1898 9.8 271 1000
R1899 55.9 691 988
R1900 26.1 77 759
R1901 34.0 663 933
R1902 47.9 29 281
R1903 52.0 959 963
R1904 11.3 546 772
R1905 18.1 542 903
R1906 69.6 50 374
R1907 9.1 126 434
R1908 3.1 392 916
R1909 72.3 47 750
R1910 37.6 615 870
R1911 76.6 702 750
R1912 55.2 306 553
R1913 37.7 564 825
R1914 2.8 163 400
R1915 70.7 46 773
R1916 49.7 719 855
R1917 97.6 264 812
R1918 43.6 535 849
R1919 99.6 604 984
R1920 45.9 584 946
R1921 14.9 34 215
R1922 26.3 217 995
R1923 4.9 40 907
R1924 7.2 320 360
R1925 56.7 319 584
R1926 65.8 228 408
R1927 71.1 113 810
R1928 10.6 159 485
R1929 82.7 377 512
R1930 32.4 473 699
R1931 79.6 418 621
R1932 86.1 305 917
R1933 5.5 892 1000
R1934 21.1 818 837
R1935 76.4 80 122
R1936 6.9 66 808
R1937 67.0 15 33
R1938 23.9 346 802
R1939 34.3 127 267
R1940 75.1 194 507
R1941 4.1 53 269
R1942 52.2 230 436
R1943 71.6 437 567
R1944 71.5 356 557
R1945 96.9 637 679
R1946 33.4 188 489
R1947 90.1 404 971
R1948 29.2 261 757
R1949 8.0 8 562
R1950 23.1 540 569
R1951 49.8 238 618
R1952 10.0 491 941
R1953 44.2 306 520
R1954 55.7 77 630
R1955 38.5 614 616
R1956 23.9 584 836
R1957 60.6 65 316
R1958 70.6 111 357
R1959 73.3 254 779
R1960 33.9 153 416
R1961 67.9 729 943
R1962 20.1 50 465
R1963 6.8 95 386
R1964 82.3 331 742
R1965 18.2 278 303
R1966 50.8 589 855
R1967 79.5 81 677
R1968 53.3 329 919
R1969 5.8 5 419
R1970 72.2 195 252
R1971 23.5 7 796
R1972 25.2 193 661
R1973 2.8 877 962
R1974 71.6 255 395
R1975 76.8 903 908
R1976 10.3 481 948
R1977 57.6 376 619
R1978 10.0 329 415
R1979 20.6 57 74
R1980 69.6 142 451
R1981 89.5 319 789
R1982 75.9 150 483
R1983 43.9 98 985
R1984 12.0 291 596
R1985 37.0 550 938
R1986 42.4 42 757
R1987 74.1 307 686
R1988 49.6 164 851
R1989 89.1 199 442
R1990 19.2 282 965
R1991 60.2 755 814
R1992 43.4 921 993
R1993 87.2 130 902
R1994 47.3 629 904
R1995 13.0 32 416
R1996 3.3 265 592
R1997 73.6 124 705
R1998 53.6 85 905
R1999 50.7 816 996
R2000 61.5 606 710
R2001 83.9 473 578
R2002 28.8 133 288
R2003 82.4 704 790
R2004 17.1 214 977
R2005 25.2 542 906
R2006 73.8 221 763
R2007 94.8 7 585
R2008 22.0 487 793
R2009 73.2 421 879
R2010 19.9 566 956
R2011 34.2 126 314
R2012 93.6 408 645
R2013 34.0 529 973
R2014 79.9 227 535
R2015 33.4 199 368
R2016 41.3 299 779
R2017 87.9 549 713
R2018 96.0 827 843
R2019 27.2 305 537
R2020 21.9 294 338
R2021 33.5 63 72
R2022 92.3 224 424
R2023 12.5 108 758
R2024 14.0 230 402
R2025 35.6 140 154
R2026 62.3 88 394
R2027 34.6 21 270
R2028 32.9 378 745
R2029 4.1 118 529
R2030 20.1 441 558
R2031 39.5 186 371
R2032 96.5 386 799
R2033 79.0 248 355
R2034 7.0 103 132
R2035 51.2 28 832
R2036 28.0 30 878
R2037 95.3 117 635
R2038 55.6 90 389
R2039 95.5 80 313
R2040 93.1 240 599
R2041 18.5 315 553
R2042 37.4 394 522
R2043 13.1 130 167
R2044 78.9 192 824
R2045 49.7 446 854
R2046 5.3 582 872
R2047 26.3 393 729
R2048 58.3 825 861
R2049 51.4 429 716
R2050 42.3 526 953
R2051 61.0 313 591
R2052 59.7 254 654
R2053 18.5 459 520
R2054 17.9 246 922
R2055 65.0 889 994
R2056 16.4 720 930
R2057 42.6 252 271
R2058 45.7 507 913
R2059 77.5 586 654
R2060 43.7 743 800
R2061 2.9 32 844
R2062 9.8 480 892
R2063 10.8 803 983
R2064 4.3 574 835
R2065 85.6 49 746
R2066 27.1 671 992
R2067 18.2 64 820
R2068 19.7 143 622
R2069 99.0 382 979
R2070 85.0 100 936
R2071 54.4 198 335
R2072 8.7 63 543
R2073 96.9 65 557
R2074 22.6 296 369
R2075 15.7 517 972
R2076 75.5 187 880
R2077 59.2 379 753
R2078 9.1 280 554
R2079 97.3 579 762
R2080 19.2 453 817
R2081 50.9 2 229
R2082 96.1 90 700
R2083 70.7 585 819
R2084 42.5 821 823
R2085 12.3 116 139
R2086 56.4 77 699
R2087 28.3 201 763
R2088 33.1 613 707
R2089 5.1 706 871
R2090 2.5 226 353
R2091 49.5 403 446
R2092 28.2 472 503
R2093 23.5 477 907
R2094 32.2 81 672
R2095 29.7 737 777
R2096 13.7 612 919
R2097 49.1 73 851
R2098 66.7 37 444
R2099 34.0 75 364
R2100 47.1 67 422
R2101 23.5 565 726
R2102 38.4 149 860
R2103 56.7 301 824
R2104 76.1 117 503
R2105 82.3 308 446
R2106 20.1 91 524
R2107 70.7 98 849
R2108 39.3 821 906
R2109 56.4 103 619
R2110 48.4 223 719
R2111 60.8 261 567
R2112 51.5 694 877
R2113 50.2 160 666
R2114 68.7 298 743
R2115 20.8 435 479
R2116 93.7 68 467
R2117 16.3 8 687
R2118 75.2 622 916
R2119 79.7 25 925
R2120 58.2 775 967
R2121 52.8 489 492
R2122 12.6 33 318
R2123 88.3 13 917
R2124 82.9 110 968
R2125 97.3 291 732
R2126 8.7 95 312
R2127 54.1 163 586
R2128 34.3 22 758
R2129 49.2 276 412
R2130 40.6 236 626
R2131 41.5 535 990
R2132 41.9 598 730
R2133 66.2 366 895
R2134 35.4 265 364
R2135 35.5 144 540
R2136 37.0 274 892
R2137 11.0 52 845
R2138 49.3 486 970
R2139 27.8 547 645
R2140 74.8 405 793
R2141 98.0 172 499
R2142 28.7 824 913
R2143 47.8 174 822
R2144 38.7 161 770
R2145 28.3 51 829
R2146 77.1 54 442
R2147 59.6 177 910
R2148 10.8 290 343
R2149 47.1 151 263
R2150 60.1 440 797
R2151 34.0 44 482
R2152 41.9 70 577
R2153 49.9 528 537
R2154 9.4 211 920
R2155 86.7 42 365
R2156 41.9 469 734
R2157 59.4 45 450
R2158 73.1 98 798
R2159 62.0 771 840
R2160 63.6 47 147
R2161 62.1 344 615
R2162 33.2 330 881
R2163 6.5 526 760
R2164 65.8 480 1000
R2165 8.5 707 714
R2166 51.1 386 739
R2167 92.6 119 658
R2168 38.2 124 710
R2169 86.1 23 411
R2170 8.8 348 630
R2171 43.6 340 524
R2172 20.1 86 925
R2173 25.9 536 632
R2174 62.6 66 752
R2175 6.9 553 572
R2176 77.8 158 593
R2177 13.8 35 711
R2178 2.5 227 877
R2179 13.2 586 919
R2180 71.2 3 89
R2181 96.8 503 635
R2182 87.8 10 609
R2183 36.6 729 775
R2184 36.6 72 554
R2185 65.9 347 739
R2186 41.7 110 646
R2187 41.2 257 846
R2188 72.4 4 63
R2189 13.4 12 772
R2190 63.5 387 754
R2191 65.4 13 442
R2192 32.1 191 889
R2193 65.9 812 956
R2194 65.4 192 961
R2195 34.6 142 589
R2196 69.8 134 606
R2197 62.9 100 725
R2198 66.7 85 433
R2199 69.1 212 432
R2200 44.5 145 886
R2201 28.8 505 945
R2202 40.9 467 715
R2203 57.0 21 186
R2204 63.4 404 822
R2205 23.8 33 228
R2206 9.0 182 246
R2207 63.0 744 751
R2208 48.3 308 526
R2209 46.0 240 413
R2210 37.5 390 786
R2211 72.7 621 828
R2212 11.7 593 741
R2213 16.2 784 876
R2214 66.4 110 872
R2215 31.9 271 342
R2216 21.0 482 934
R2217 23.0 574 594
R2218 95.8 497 870
R2219 27.6 362 637
R2220 54.6 380 915
R2221 65.7 296 618
R2222 64.6 113 147
R2223 67.2 377 701
R2224 18.5 11 191
R2225 17.7 92 469
R2226 41.9 388 953
R2227 29.4 105 116
R2228 78.4 171 412
R2229 88.1 411 901
R2230 71.1 318 614
R2231 72.2 246 278
R2232 60.8 11 897
R2233 34.5 674 875
R2234 89.9 480 904
R2235 63.4 367 534
R2236 26.6 68 414
R2237 82.7 74 659
R2238 48.3 57 164
R2239 29.0 106 719
R2240 19.1 361 434
R2241 11.1 244 1000
R2242 25.5 635 846
R2243 17.3 674 984
R2244 66.4 926 938
R2245 1.1 197 637
R2246 81.5 284 946
R2247 58.2 137 836
R2248 34.5 60 93
R2249 37.3 164 973
R2250 84.6 216 921
R2251 2.3 403 410
R2252 71.6 381 806
R2253 67.6 316 356
R2254 60.8 468 969
R2255 15.5 138 639
R2256 88.5 109 844
R2257 56.2 832 938
R2258 90.8 69 432
R2259 33.5 274 628
R2260 20.3 239 614
R2261 1.2 340 949
R2262 95.1 277 776
R2263 40.5 280 439
R2264 28.4 615 997
R2265 59.8 74 811
R2266 43.5 170 181
R2267 85.1 683 979
R2268 49.4 132 852
R2269 39.7 79 162
R2270 33.7 559 883
R2271 25.6 101 488
R2272 15.8 145 846
R2273 38.7 522 989
R2274 94.3 415 747
R2275 16.7 508 906
R2276 47.6 124 273
R2277 50.7 369 748
R2278 64.2 102 741
R2279 22.8 129 998
R2280 42.0 446 918
R2281 57.0 15 557
R2282 4.7 14 262
R2283 77.1 134 707
R2284 19.2 2 983
R2285 91.9 346 687
R2286 64.8 90 821
R2287 85.2 47 113
R2288 40.3 819 891
R2289 2.8 16 542
R2290 54.1 211 830
R2291 37.3 116 335
R2292 22.5 64 558
R2293 5.9 749 898
R2294 21.0 85 541
R2295 15.6 735 797
R2296 21.7 510 949
R2297 32.0 502 929
R2298 98.7 125 204
R2299 2.9 549 717
R2300 31.0 863 890
R2301 72.1 404 930
R2302 16.3 650 686
R2303 40.0 728 890
R2304 58.6 110 147
R2305 33.8 731 960
R2306 88.8 512 701
R2307 15.4 725 924
R2308 57.6 354 957
R2309 89.7 179 820
R2310 12.8 257 394
R2311 62.6 31 858
R2312 56.3 412 713
R2313 98.6 549 954
R2314 40.6 556 600
R2315 76.0 565 756
R2316 50.6 48 111
R2317 1.4 155 427
R2318 49.7 383 507
R2319 81.7 18 86
R2320 14.9 665 703
R2321 84.2 233 512
R2322 49.2 345 515
R2323 34.2 670 740
R2324 86.3 726 756
R2325 23.3 537 792
R2326 96.8 277 790
R2327 5.7 259 610
R2328 80.1 270 374
R2329 52.2 389 570
R2330 97.5 664 727
R2331 27.6 224 475
R2332 8.5 101 107
R2333 79.8 843 896
R2334 48.0 731 763
R2335 60.6 403 451
R2336 3.3 542 821
R2337 43.0 581 828
R2338 7.0 182 408
R2339 2.3 199 215
R2340 2.0 9 402
R2341 88.9 293 523
R2342 41.6 197 659
R2343 70.2 95 454
R2344 4.5 294 372
R2345 51.4 288 417
R2346 33.6 248 978
R2347 86.5 40 937
R2348 62.4 364 740
R2349 65.7 563 905
R2350 60.1 229 875
R2351 13.8 96 346
R2352 49.1 221 866
R2353 65.1 833 938
R2354 23.2 67 357
R2355 42.6 258 516
R2356 90.7 65 300
R2357 43.5 717 964
R2358 48.3 747 967
R2359 89.5 548 666
R2360 61.9 69 907
R2361 48.5 253 709
R2362 63.3 460 786
R2363 66.8 72 253
R2364 64.9 322 795
R2365 38.8 427 602
R2366 59.0 195 742
R2367 69.5 637 965
R2368 41.1 508 542
R2369 51.9 65 356
R2370 55.1 105 869
R2371 54.4 169 703
R2372 30.2 768 905
R2373 38.6 24 239
R2374 24.4 345 869
R2375 79.0 649 824
R2376 53.1 344 520
R2377 91.1 373 941
R2378 90.9 755 937
R2379 85.0 372 852
R2380 15.9 228 645
R2381 19.7 559 561
R2382 22.9 3 330
R2383 80.8 71 597
R2384 12.4 91 340
R2385 23.9 159 516
R2386 93.8 244 941
R2387 79.0 409 931
R2388 12.1 241 612
R2389 75.0 402 704
R2390 41.6 23 778
R2391 32.9 457 560
R2392 58.4 392 804
R2393 94.8 512 524
R2394 2.9 170 810
R2395 21.6 151 650
R2396 76.3 147 968
R2397 61.3 122 368
R2398 55.1 22 949
R2399 64.1 84 504
R2400 42.0 818 856
R2401 96.2 405 495
R2402 50.0 396 533
R2403 3.5 201 816
R2404 52.5 254 552
R2405 56.9 380 413
R2406 68.0 34 879
R2407 32.2 757 940
R2408 90.1 391 836
R2409 10.4 249 663
R2410 32.2 897 933
R2411 3.4 431 730
R2412 46.8 474 793
R2413 79.5 83 695
R2414 36.9 188 718
R2415 60.7 466 610
R2416 81.3 681 873
R2417 45.8 596 671
R2418 42.2 639 859
R2419 19.6 1 240
R2420 90.5 611 956
R2421 64.8 117 809
R2422 74.8 602 660
R2423 86.5 766 993
R2424 82.5 75 605
R2425 9.0 339 673
R2426 40.3 23 502
R2427 12.5 567 857
R2428 80.3 286 855
R2429 47.1 164 683
R2430 17.2 76 472
R2431 99.4 33 603
R2432 54.3 494 958
R2433 37.2 559 981
R2434 64.2 951 993
R2435 17.8 72 583
R2436 9.5 193 259
R2437 53.5 382 895
R2438 77.1 112 157
R2439 11.5 160 525
R2440 45.7 594 945
R2441 46.0 595 839
R2442 90.5 581 588
R2443 27.7 26 34
R2444 98.9 270 281
R2445 46.6 175 898
R2446 39.7 103 679
R2447 55.1 329 523
R2448 70.8 76 927
R2449 19.0 358 651
R2450 6.9 84 529
R2451 42.6 140 823
R2452 51.0 401 812
R2453 4.1 125 208
R2454 93.0 870 997
R2455 6.9 241 254
R2456 90.4 815 840
R2457 9.4 127 736
R2458 59.7 69 744
R2459 97.5 593 991
R2460 22.1 706 825
R2461 60.9 424 633
R2462 80.9 423 546
R2463 61.6 539 750
R2464 78.6 207 983
R2465 27.5 32 114
R2466 22.2 216 884
R2467 97.6 513 732
R2468 91.9 574 945
R2469 63.0 705 773
R2470 30.1 363 704
R2471 5.9 130 511
R2472 28.5 136 469
R2473 60.5 6 387
R2474 64.9 362 619
R2475 94.2 314 497
R2476 85.9 237 381
R2477 72.4 325 388
R2478 21.8 26 580
R2479 32.7 551 673
R2480 14.2 842 875
R2481 61.1 423 582
R2482 3.2 512 773
R2483 43.8 482 604
R2484 9.5 295 445
R2485 66.8 506 607
R2486 82.3 10 222
R2487 27.3 195 240
R2488 6.6 95 788
R2489 50.3 16 860
R2490 53.6 111 443
R2491 87.2 748 795
R2492 29.3 453 601
R2493 84.6 230 363
R2494 76.6 189 644
R2495 82.3 277 402
R2496 5.3 335 460
R2497 74.5 18 666
R2498 19.6 391 584
R2499 37.1 142 918
R2500 75.8 431 487
R2501 84.7 546 868
R2502 81.0 166 286
R2503 17.2 53 87
R2504 49.8 241 256
R2505 7.6 277 974
R2506 6.2 82 685
R2507 17.9 307 796
R2508 87.2 326 650
R2509 4.1 696 943
R2510 74.3 454 791
R2511 14.8 26 313
R2512 69.5 353 622
R2513 27.4 587 854
R2514 65.4 283 337
R2515 6.9 672 918
R2516 53.5 705 970
R2517 44.9 546 883
R2518 48.0 467 805
R2519 93.9 727 825
R2520 73.6 287 831
R2521 67.8 15 239
R2522 69.4 248 658
R2523 69.3 285 560
R2524 79.5 242 416
R2525 58.6 267 1000
R2526 82.1 50 272
R2527 55.2 691 985
R2528 14.3 6 754
R2529 15.6 695 781
R2530 7.4 368 457
R2531 80.8 639 958
R2532 48.2 399 646
R2533 96.6 628 630
R2534 33.9 405 655
R2535 13.5 412 595
R2536 17.8 447 774
R2537 23.7 586 729
R2538 44.8 456 880
R2539 78.2 54 876
R2540 78.3 544 751
R2541 65.9 634 640
R2542 15.0 386 474
R2543 17.6 259 704
R2544 79.9 307 847
R2545 90.2 98 691
R2546 7.5 339 627
R2547 94.7 259 363
R2548 55.0 548 867
R2549 74.5 183 355
R2550 18.9 410 587
R2551 58.0 376 810
R2552 35.8 10 31
R2553 25.2 727 778
R2554 43.9 372 679
R2555 35.5 601 646
R2556 11.2 715 742
R2557 87.2 293 747
R2558 35.8 155 602
R2559 33.1 400 586
R2560 45.9 75 452
R2561 33.1 42 991
R2562 50.6 143 157
R2563 62.3 96 663
R2564 56.9 87 574
R2565 25.7 477 692
R2566 71.7 595 703
R2567 3.1 326 844
R2568 75.3 585 796
R2569 72.6 624 959
R2570 29.4 415 919
R2571 81.8 434 840
R2572 80.7 41 80
R2573 95.7 301 750
R2574 53.7 26 850
R2575 42.6 433 905
R2576 77.1 201 455
R2577 30.9 21 281
R2578 68.1 613 815
R2579 2.3 106 545
R2580 47.2 825 871
R2581 26.5 658 978
R2582 76.0 245 392
R2583 17.7 13 75
R2584 85.3 17 520
R2585 29.6 173 860
R2586 58.9 148 822
R2587 99.2 381 921
R2588 46.7 655 859
R2589 89.0 955 996
R2590 55.0 263 844
R2591 61.1 437 857
R2592 37.7 481 897
R2593 71.3 582 868
R2594 44.3 109 831
R2595 8.8 28 426
R2596 13.1 180 822
R2597 36.4 82 749
R2598 92.2 114 923
R2599 4.9 580 936
R2600 63.1 630 904
R2601 49.1 50 303
R2602 96.5 381 993
R2603 64.2 435 651
R2604 45.9 585 650
R2605 56.3 246 406
R2606 67.1 3 820
R2607 17.0 380 576
R2608 67.4 450 486
R2609 11.4 112 226
R2610 55.7 29 135
R2611 7.4 79 782
R2612 34.5 85 119
R2613 34.8 485 516
R2614 71.7 739 751
R2615 81.2 437 798
R2616 30.7 670 734
R2617 33.0 712 761
R2618 47.5 268 846
R2619 66.5 402 436
R2620 38.1 620 788
R2621 37.2 341 603
R2622 12.4 913 961
R2623 17.2 108 148
R2624 80.2 88 893
R2625 50.2 575 689
R2626 81.4 396 605
R2627 83.6 175 972
R2628 10.5 577 970
R2629 21.0 532 801
R2630 5.3 586 696
R2631 59.2 416 959
R2632 23.1 707 761
R2633 50.6 120 152
R2634 67.3 115 320
R2635 11.5 119 666
R2636 23.2 89 177
R2637 51.4 501 534
R2638 32.6 285 657
R2639 22.2 178 932
R2640 66.4 237 330
R2641 42.7 428 909
R2642 23.8 128 726
R2643 90.8 242 910
R2644 33.6 162 573
R2645 15.0 83 831
R2646 59.7 537 804
R2647 81.4 92 364
R2648 69.7 471 622
R2649 89.2 372 659
R2650 31.8 269 484
R2651 57.2 714 840
R2652 90.1 456 991
R2653 91.7 102 828
R2654 18.2 724 757
R2655 10.5 93 539
R2656 98.3 188 858
R2657 64.0 76 193
R2658 50.1 812 870
R2659 19.5 590 838
R2660 19.1 410 446
R2661 32.9 10 837
R2662 50.2 287 785
R2663 26.6 538 621
R2664 10.8 165 563
R2665 93.0 177 179
R2666 95.1 200 925
R2667 79.7 257 893
R2668 8.3 393 943
R2669 48.7 661 753
R2670 39.8 87 543
R2671 48.2 199 457
R2672 80.2 600 767
R2673 37.2 147 810
R2674 15.8 358 925
R2675 35.0 563 768
R2676 1.9 140 381
R2677 90.9 120 755
R2678 51.2 291 432
R2679 42.9 163 241
R2680 34.3 244 440
R2681 43.4 6 494
R2682 95.4 488 762
R2683 78.3 244 413
R2684 64.3 822 834
R2685 79.8 745 969
R2686 91.5 21 802
R2687 56.8 787 908
R2688 12.4 481 901
R2689 79.8 341 684
R2690 98.9 223 403
R2691 76.6 591 850
R2692 4.9 33 341
R2693 33.8 138 459
R2694 13.3 275 713
R2695 78.3 297 612
R2696 41.8 194 540
R2697 77.3 546 817
R2698 69.2 422 963
R2699 57.4 266 322
R2700 12.4 798 857
R2701 29.0 503 741
R2702 64.4 322 519
R2703 29.7 130 738
R2704 5.2 33 862
R2705 51.1 746 911
R2706 53.6 375 560
R2707 68.7 27 637
R2708 26.7 202 317
R2709 79.3 185 242
R2710 32.0 355 978
R2711 16.9 579 884
R2712 74.6 362 679
R2713 74.4 463 748
R2714 4.6 358 383
R2715 27.2 625 722
R2716 66.8 226 790
R2717 49.6 865 907
R2718 79.8 595 954
R2719 36.2 258 853
R2720 28.3 150 632
R2721 81.9 73 966
R2722 29.4 177 333
R2723 37.1 210 576
R2724 10.0 384 715
R2725 85.2 34 80
R2726 59.2 352 380
R2727 56.9 2 803
R2728 63.0 427 960
R2729 30.5 336 472
R2730 16.2 973 979
R2731 36.8 131 228
R2732 20.7 363 475
R2733 90.3 633 847
R2734 35.5 519 866
R2735 31.6 367 489
R2736 80.4 366 683
R2737 38.7 325 652
R2738 74.1 229 424
R2739 58.5 479 944
R2740 73.6 503 809
R2741 14.8 180 258
R2742 87.8 733 989
R2743 28.2 7 307
R2744 25.3 25 532
R2745 11.6 60 120
R2746 25.4 851 973
R2747 65.3 470 696
R2748 92.9 203 849
R2749 86.6 259 661
R2750 97.0 597 663
R2751 87.8 46 552
R2752 60.0 91 269
R2753 48.8 462 767
R2754 63.4 252 293
R2755 53.4 155 221
R2756 13.6 441 717
R2757 96.8 647 712
R2758 37.5 492 500
R2759 53.6 322 748
R2760 24.2 677 874
R2761 85.5 306 344
R2762 93.2 39 962
R2763 58.7 675 980
R2764 36.8 804 916
R2765 18.7 323 854
R2766 56.0 103 294
R2767 11.9 667 996
R2768 38.2 240 774
R2769 88.1 731 996
R2770 19.4 685 739
R2771 49.9 56 662
R2772 94.6 521 884
R2773 22.2 141 689
R2774 15.6 225 938
R2775 12.7 3 218
R2776 69.5 189 440
R2777 72.8 97 327
R2778 98.0 203 453
R2779 72.0 854 999
R2780 23.7 229 780
R2781 46.0 310 355
R2782 98.5 124 773
R2783 56.8 312 788
R2784 10.4 58 814
R2785 29.1 454 668
R2786 98.4 567 607
R2787 65.1 42 899
R2788 64.7 127 698
R2789 58.2 217 711
R2790 40.2 177 218
R2791 39.2 275 276
R2792 13.4 711 995
R2793 56.5 67 881
R2794 12.0 474 799
R2795 84.7 3 64
R2796 45.5 49 71
R2797 15.5 404 720
R2798 41.1 231 501
R2799 91.2 252 342
R2800 59.8 68 715
R2801 33.5 389 438
R2802 35.6 407 920
R2803 98.7 618 955
R2804 56.9 821 903
R2805 80.6 462 600
R2806 56.3 130 641
R2807 4.1 129 501
R2808 68.9 601 798
R2809 91.0 536 977
R2810 35.3 351 589
R2811 77.3 527 910
R2812 10.0 123 838
R2813 19.1 130 323
R2814 33.0 747 919
R2815 1.2 256 552
R2816 93.3 648 738
R2817 34.8 67 531
R2818 81.4 180 853
R2819 36.4 644 735
R2820 38.6 58 755
R2821 63.4 783 877
R2822 95.6 398 647
R2823 89.4 662 746
R2824 48.0 633 848
R2825 11.1 6 495
R2826 62.5 722 824
R2827 35.5 346 663
R2828 36.5 395 732
R2829 29.6 83 785
R2830 26.1 5 251
R2831 58.0 403 587
R2832 27.1 954 964
R2833 66.7 64 118
R2834 68.7 157 622
R2835 40.8 724 991
R2836 97.9 56 746
R2837 53.0 356 930
R2838 43.2 599 931
R2839 20.7 163 919
R2840 46.7 166 284
R2841 27.7 4 543
R2842 23.7 223 587
R2843 97.3 139 931
R2844 45.7 463 795
R2845 69.1 464 518
R2846 58.5 194 913
R2847 96.9 470 551
R2848 12.4 239 318
R2849 35.5 86 666
R2850 72.2 245 893
R2851 2.4 70 361
R2852 34.9 734 985
R2853 9.7 189 735
R2854 88.0 709 759
R2855 54.8 455 763
R2856 55.9 281 509
R2857 25.4 183 465
R2858 33.4 253 693
R2859 28.5 89 330
R2860 76.0 127 1000
R2861 63.7 62 75
R2862 24.3 76 514
R2863 63.1 238 667
R2864 89.8 90 884
R2865 29.2 203 601
R2866 73.6 626 935
R2867 72.0 647 912
R2868 84.8 678 921
R2869 18.9 90 708
R2870 62.9 162 511
R2871 91.0 35 932
R2872 50.4 901 929
R2873 11.0 99 933
R2874 26.4 819 934
R2875 93.6 306 615
R2876 89.9 133 759
R2877 95.3 540 961
R2878 57.2 169 665
R2879 98.1 15 279
R2880 52.2 8 49
R2881 82.6 308 953
R2882 97.7 508 568
R2883 14.0 399 728
R2884 33.7 29 205
R2885 36.3 220 502
R2886 56.5 713 986
R2887 85.7 103 338
R2888 22.4 434 714
R2889 38.0 107 671
R2890 47.4 5 590
R2891 70.5 500 829
R2892 59.8 52 608
R2893 84.2 30 935
R2894 29.1 183 310
R2895 44.2 385 780
R2896 86.3 591 648
R2897 50.7 442 876
R2898 76.0 727 743
R2899 69.6 103 181
R2900 99.8 195 467
R2901 14.0 212 751
R2902 62.7 765 800
R2903 38.9 777 887
R2904 98.4 370 609
R2905 67.3 146 785
R2906 64.7 7 686
R2907 90.9 367 680
R2908 66.2 49 597
R2909 46.2 41 215
R2910 21.0 942 969
R2911 51.2 575 725
R2912 61.6 614 887
R2913 7.1 573 725
R2914 33.6 809 828
R2915 47.4 282 304
R2916 23.6 331 397
R2917 18.9 24 59
R2918 11.5 280 578
R2919 66.6 239 930
R2920 61.6 573 580
R2921 79.7 266 296
R2922 15.6 662 756
R2923 33.6 850 902
R2924 35.4 820 895
R2925 13.8 744 937
R2926 58.2 289 732
R2927 61.0 625 913
R2928 56.2 454 972
R2929 67.2 251 577
R2930 64.6 895 973
R2931 48.2 136 538
R2932 3.5 241 400
R2933 57.1 43 673
R2934 13.8 189 210
R2935 97.7 93 702
R2936 18.7 437 588
R2937 96.2 298 985
R2938 47.3 353 471
R2939 11.9 82 517
R2940 36.4 728 785
R2941 7.6 681 910
R2942 61.3 76 336
R2943 54.3 94 333
R2944 21.1 330 713
R2945 88.9 155 519
R2946 72.2 191 994
R2947 6.6 176 794
R2948 48.8 638 746
R2949 40.0 522 538
R2950 49.4 29 270
R2951 66.1 945 971
R2952 89.8 298 727
R2953 7.4 132 728
R2954 42.0 520 958
R2955 96.7 298 882
R2956 95.5 206 637
R2957 94.4 492 829
R2958 5.7 364 813
R2959 3.3 911 914
R2960 49.7 133 417
R2961 28.7 328 880
R2962 26.8 729 747
R2963 53.7 582 601
R2964 46.4 751 841
R2965 5.6 605 871
R2966 1.2 159 251
R2967 48.7 464 628
R2968 55.1 676 730
R2969 13.4 371 562
R2970 15.1 200 358
R2971 46.6 389 975
R2972 40.9 242 959
R2973 84.6 501 896
R2974 57.4 441 549
R2975 79.2 143 537
R2976 77.6 521 921
R2977 83.9 273 773
R2978 25.1 212 347
R2979 29.7 420 726
R2980 18.4 848 875