V1 21.6 17 52
V2 26.2 49 90
R1 64.1 18 62
R2 78.3 12 24
R3 91.5 1 49
R4 58.5 20 76
R5 19.9 83 96
R6 6.5 6 7
R7 74.9 55 61
R8 81.6 30 92
R9 91.7 21 90
R10 62.8 58 72
R11 85.8 18 61
R12 32.6 33 64
R13 61.9 57 98
R14 93.2 18 97
R15 45.6 43 84
R16 30.7 59 87
R17 57.2 30 46
R18 49.0 56 80
R19 19.2 50 54
R20 3.7 2 28
R21 87.8 47 72
R22 42.2 8 58
R23 40.4 50 91
R24 35.0 30 79
R25 8.2 14 49
R26 17.8 83 87
R27 16.2 44 81
R28 61.4 22 81
R29 53.6 57 76
R30 22.6 14 69
R31 53.2 38 48
R32 75.6 52 76
R33 1.9 84 99
R34 83.1 15 24
R35 93.6 53 79
R36 89.1 32 87
R37 28.6 21 91
R38 72.4 66 80
R39 34.1 39 94
R40 51.4 29 86
R41 23.7 18 59
R42 50.6 56 77
R43 50.2 35 38
R44 20.0 30 51
R45 38.8 4 56
R46 41.2 41 99
R47 50.6 2 78
R48 19.3 65 70
R49 80.5 2 26
R50 23.8 34 85
R51 28.4 57 71
R52 90.7 85 91
R53 33.9 46 62
R54 94.3 10 22
R55 2.7 16 67
R56 19.4 58 82
R57 87.5 5 15
R58 87.7 67 85
R59 57.0 18 55
R60 85.0 37 90
R61 6.6 55 62
R62 20.4 67 77
R63 90.9 7 23
R64 13.0 7 37
R65 49.4 44 49
R66 36.1 87 96
R67 85.7 1 75
R68 57.1 52 74
R69 3.5 39 65
R70 43.9 6 43
R71 3.4 30 73
R72 15.0 23 90
R73 71.5 25 86
R74 1.1 24 95
R75 52.6 64 82
R76 35.6 99 100
R77 3.1 60 78
R78 7.2 45 49
R79 34.5 33 53
R80 34.7 9 33
R81 63.9 13 16
R82 19.7 12 65
R83 7.7 20 39
R84 48.3 69 74
R85 24.6 86 89
R86 48.8 42 59
R87 38.6 4 97
R88 93.7 88 94
R89 57.9 80 83
R90 83.1 81 95
R91 59.9 73 92
R92 77.1 60 96
R93 16.3 71 75
R94 49.6 30 62
R95 38.2 4 59
R96 89.8 68 84
R97 24.1 20 98
R98 81.7 29 73
R99 20.7 70 88
R100 6.3 15 17
R101 69.1 36 67
R102 8.0 4 42
R103 63.9 71 93
R104 23.8 12 15
R105 35.3 10 95
R106 62.1 64 72
R107 26.7 11 21
R108 50.2 40 43
R109 84.8 48 88
R110 58.2 74 76
R111 3.1 57 69
R112 15.4 34 66
R113 37.7 23 37
R114 58.5 54 90
R115 25.7 68 100
R116 57.1 94 98
R117 46.3 37 54
R118 57.7 55 72
R119 75.4 66 83
R120 62.5 1 93
R121 71.7 31 57
R122 47.4 16 97
R123 20.6 14 52
R124 70.6 10 24
R125 15.8 8 19
R126 79.5 25 89
R127 31.6 18 46
R128 55.6 40 84
R129 94.6 16 36
R130 89.8 21 93
R131 67.3 16 19
R132 88.9 32 89
R133 56.5 38 88
R134 68.6 13 82
R135 78.1 2 32
R136 38.2 9 79
R137 77.9 8 47
R138 81.8 34 80
R139 3.4 75 93
R140 37.4 61 97
R141 26.7 56 97
R142 45.9 33 79
R143 98.7 9 55
R144 4.0 30 38
R145 33.3 19 97
R146 37.8 2 48
R147 64.0 66 91
R148 36.8 68 99
R149 2.5 46 87
R150 59.8 3 7
R151 56.3 16 58
R152 23.8 12 51
R153 20.9 10 15
R154 53.6 17 45
R155 23.4 3 54
R156 75.2 14 45
R157 15.3 46 73
R158 39.3 41 100
R159 47.1 25 38
R160 79.8 34 77
R161 9.4 27 69
R162 16.5 13 36
R163 69.2 34 67
R164 13.3 15 65
R165 26.6 77 80
R166 94.2 65 94
R167 73.6 2 89
R168 18.6 16 77
R169 99.2 7 95
R170 8.1 43 63
R171 30.7 62 79
R172 84.0 12 70
R173 43.3 60 87
R174 37.8 38 51
R175 60.1 38 70
R176 42.7 32 78
R177 24.4 31 96
R178 39.6 47 61
R179 54.9 29 32
R180 41.3 25 30
R181 1.3 69 75
R182 20.2 7 24
R183 79.9 11 31
R184 54.5 23 49
R185 46.3 13 58
R186 44.9 41 50
R187 15.6 61 72
R188 91.7 6 41
R189 74.1 27 74
R190 95.8 9 62
R191 29.0 1 90
R192 13.4 19 61
R193 18.7 21 71
R194 8.8 78 98
R195 81.5 26 94
R196 65.9 28 48
R197 10.7 3 37
R198 40.4 40 63
R199 43.3 8 16
R200 80.8 6 24
R201 83.3 46 59
R202 20.2 86 92
R203 7.0 66 96
R204 31.3 40 82
R205 93.6 47 58
R206 67.8 4 80
R207 13.4 28 88
R208 15.7 90 93
R209 51.8 6 99
R210 28.9 21 50
R211 91.6 59 97
R212 90.9 21 54
R213 37.4 1 14
R214 3.2 36 100
R215 37.5 57 60
R216 63.7 40 68
R217 71.5 42 87
R218 1.9 26 28
R219 76.2 39 98
R220 74.3 15 52
R221 60.3 35 51
R222 14.7 5 52
R223 42.8 14 17
R224 7.8 57 74
R225 48.0 7 81
R226 45.9 32 86
R227 7.8 41 85
R228 26.4 36 85
R229 91.9 16 56
R230 86.5 3 50
R231 16.9 57 75
R232 80.2 85 100
R233 80.5 60 98
R234 57.1 25 92
R235 65.7 35 70
R236 15.1 19 47
R237 2.0 36 82
R238 40.4 70 94
R239 15.5 22 44
R240 71.3 9 64
R241 10.4 5 20
R242 49.2 22 49
R243 95.3 5 39
R244 2.1 29 87
R245 61.5 30 53
R246 69.7 15 39
R247 67.2 6 50
R248 83.6 76 98
R249 21.9 11 91
R250 93.7 11 71
R251 74.0 34 91
R252 68.1 26 78
R253 83.9 26 88
R254 37.2 5 76
R255 97.3 41 91
R256 59.6 78 94
R257 72.2 12 35
R258 2.7 31 66
R259 23.6 48 89
R260 50.0 14 74
R261 91.8 23 44
R262 95.7 1 69
R263 38.2 6 84
R264 46.8 31 60
R265 24.3 42 80
R266 59.5 42 83
R267 46.2 31 71
R268 37.1 36 40
R269 54.0 36 68
R270 41.9 63 82
R271 77.4 78 87
R272 89.1 9 72
R273 79.3 11 66
R274 44.7 29 92
R275 87.1 10 45
R276 98.8 25 48
R277 23.6 22 45
R278 38.9 73 87
R279 81.1 27 57
R280 24.0 7 44
R281 64.1 22 95
R282 17.0 15 45
R283 53.9 58 64
R284 32.5 3 6